143 141 139 134 131 132 130 127 125 124 122 118 117 117 115 112 109 108 107 105 105 107 109 112 114 116 120 120 122 124 127 131 132 131 134 137 136 135 134 134 134 135 136 137 137 137 138 139 138 139 141 139 139 141 139 138 141 142 142 142 142 142 144 145 145 147 147 147 148 148 148 148 148 149 148 148 151 151 150 150 149 149 151 153 152 152 153 153 153 152 151 152 154 153 152 155 155 155 156 156 157 157 157 156 156 154 156 156 156 157 157 156 155 154 155 154 155 154 153 151 152 154 155 151 150 152 153 152 151 150 151 152 153 151 151 152 151 151 151 150 150 150 148 150 ;
143 141 139 134 131 131 130 128 125 124 122 117 117 116 114 110 109 105 102 105 104 107 109 112 115 117 118 121 124 127 129 130 130 130 132 135 132 135 135 134 134 136 136 134 135 137 137 137 138 138 138 139 138 137 137 139 141 141 141 141 142 143 144 145 147 148 147 148 148 145 148 149 149 148 147 148 151 151 150 151 151 150 151 153 154 153 153 153 153 153 152 153 153 152 152 156 156 155 155 156 157 157 157 154 153 154 156 156 155 157 157 154 153 154 154 154 155 153 152 152 151 151 153 152 150 151 151 151 151 150 151 152 151 150 150 151 150 150 150 150 150 151 149 148 ;
143 141 138 134 131 130 127 125 124 123 120 117 117 115 114 110 108 105 102 104 107 107 109 112 115 118 120 122 124 128 129 128 128 129 130 130 132 131 130 132 132 134 134 134 134 137 137 136 137 138 138 137 135 136 139 139 139 141 141 141 141 142 142 144 147 147 145 145 148 148 148 148 150 148 145 148 148 148 149 150 150 149 152 155 154 154 153 153 155 155 153 153 153 152 152 156 157 156 156 158 158 157 155 153 154 155 155 156 154 154 156 155 153 153 153 152 153 153 153 152 151 150 151 151 151 151 151 151 151 151 149 149 149 149 148 148 149 150 150 149 150 150 149 148 ;
141 139 136 132 131 129 127 124 123 123 118 117 117 116 114 110 108 104 105 105 108 109 112 114 114 118 123 122 124 127 128 129 129 130 130 131 134 130 129 131 131 131 134 135 134 134 136 137 136 137 136 135 134 137 141 141 139 141 141 141 141 144 143 144 145 145 144 145 148 148 148 147 148 147 147 148 148 148 148 149 150 150 153 156 153 152 152 153 155 155 153 152 152 151 153 154 154 155 156 158 157 156 155 156 157 156 157 156 154 154 156 154 153 153 153 152 151 153 153 152 150 149 150 150 150 150 151 152 152 152 150 149 149 149 148 148 148 149 149 148 150 150 148 147 ;
141 138 135 131 129 129 128 125 123 122 118 117 117 115 112 109 108 107 108 107 108 109 112 115 115 120 123 124 127 125 128 130 130 131 130 130 130 131 132 132 131 130 132 134 134 132 134 136 137 135 134 135 135 135 137 138 138 139 141 142 143 145 144 143 144 144 145 147 145 145 145 145 147 147 147 147 147 148 149 149 150 150 151 152 152 153 155 157 155 153 153 152 151 152 154 153 155 155 154 155 156 156 155 158 157 156 157 155 154 156 155 153 152 154 154 154 153 153 153 152 150 149 150 151 150 150 150 151 152 152 150 151 151 149 150 150 148 148 150 149 147 148 149 148 ;
138 138 137 132 129 127 127 125 123 120 117 118 116 114 112 108 105 105 107 108 109 109 112 117 120 121 123 127 128 127 129 131 130 130 130 129 129 131 132 134 131 130 131 132 135 134 131 134 136 135 134 132 132 135 135 137 138 139 141 141 141 143 143 142 143 143 147 148 145 144 144 145 147 145 145 148 148 149 150 150 151 151 152 152 153 155 156 156 154 153 152 152 152 156 158 158 160 157 155 155 156 157 156 157 158 157 157 154 154 156 156 155 153 154 155 156 155 153 153 152 151 151 150 150 151 150 150 150 151 152 151 152 151 148 149 150 148 148 150 148 144 147 148 148 ;
138 138 137 134 128 125 125 124 121 117 116 116 114 110 109 108 107 105 105 109 110 112 115 118 120 120 122 125 127 127 129 130 130 129 129 131 130 129 129 131 131 131 131 132 134 131 131 132 134 134 134 134 135 135 136 137 138 138 139 141 141 141 143 141 142 144 145 147 144 143 144 144 145 147 148 148 150 150 150 151 152 151 152 153 154 154 153 152 153 155 153 152 155 161 162 160 159 158 158 156 156 158 158 157 157 157 157 156 156 155 157 157 153 153 154 155 155 153 151 151 152 152 151 149 151 152 152 151 151 151 149 149 149 148 147 148 148 148 148 148 148 148 148 148 ;
138 137 136 132 129 127 125 124 121 117 116 112 112 110 110 108 107 105 107 109 110 112 116 117 117 120 121 124 127 128 128 128 129 128 128 131 130 128 129 130 130 130 130 132 132 131 131 131 132 132 132 134 135 135 135 136 137 138 139 141 142 142 142 141 143 143 143 143 143 143 145 147 148 147 148 150 152 151 151 151 153 153 153 155 155 155 154 153 153 156 154 152 156 160 160 159 158 158 158 156 154 154 157 157 155 157 157 156 157 157 157 156 154 154 154 154 153 152 151 151 151 151 151 151 151 150 151 151 151 150 148 148 148 147 147 148 148 148 145 148 148 147 147 148 ;
137 136 134 131 129 127 124 123 120 117 115 112 110 110 110 108 105 104 107 109 112 115 116 117 120 121 123 124 124 125 127 125 127 127 128 129 129 129 129 128 129 130 129 131 132 131 130 130 131 130 131 131 132 132 132 135 137 141 141 141 141 141 141 141 141 141 143 144 144 144 148 150 149 148 151 152 152 154 155 153 154 155 155 156 155 153 157 158 156 156 155 153 154 158 159 158 158 156 155 155 156 155 157 159 157 158 158 156 156 157 157 156 156 156 154 152 152 153 152 152 151 150 150 150 150 147 147 150 151 150 150 150 148 147 145 145 147 148 145 145 147 144 144 148 ;
137 135 132 131 128 124 123 120 117 116 114 112 110 109 107 108 108 105 108 110 114 117 118 121 122 123 124 125 125 125 127 127 127 125 127 129 127 129 129 129 129 130 130 131 132 130 128 130 130 129 130 130 131 132 131 134 137 141 141 141 139 139 141 141 141 141 143 145 145 145 148 149 148 149 151 151 153 153 153 155 154 157 157 157 157 155 159 159 156 156 155 154 154 158 158 156 157 158 157 155 157 160 160 158 157 157 157 157 156 156 155 156 157 155 152 151 152 152 152 152 151 149 150 150 149 147 147 148 150 150 149 148 145 144 143 143 147 147 145 147 147 144 143 145 ;
138 134 131 131 129 124 123 120 117 116 112 110 112 110 105 107 108 109 110 112 117 118 118 121 123 123 124 128 127 125 127 128 128 127 127 127 127 127 127 129 128 129 129 130 130 130 129 129 129 127 129 132 131 132 132 134 136 139 141 139 138 138 138 139 141 141 143 144 145 148 148 148 148 149 150 152 154 154 154 157 158 160 160 160 158 156 157 157 156 154 155 156 154 155 157 156 158 158 157 156 156 157 158 157 156 154 153 154 154 154 156 156 154 152 151 152 152 150 151 152 151 151 148 148 149 148 148 148 148 150 149 148 147 145 144 144 145 144 145 145 145 144 144 144 ;
136 134 132 130 127 124 122 118 117 117 114 112 114 110 109 108 108 110 110 112 117 118 118 122 123 123 125 127 125 125 127 125 127 127 125 127 127 127 128 127 127 127 128 127 128 128 128 128 128 129 130 131 131 132 134 135 137 138 138 137 137 137 137 139 141 142 145 147 148 150 149 148 149 150 151 153 155 155 157 160 161 159 158 158 157 154 157 158 156 155 156 156 154 153 155 156 157 157 157 157 157 156 157 157 155 154 153 152 153 154 156 156 154 153 151 151 151 150 152 151 151 150 148 148 148 149 149 148 147 148 148 147 148 147 144 144 144 147 147 144 144 145 144 143 ;
135 134 131 127 123 123 122 117 116 116 115 112 112 112 112 110 110 110 110 110 115 120 120 122 123 124 125 127 124 124 125 125 125 124 124 125 127 127 125 125 125 128 128 128 129 129 128 128 128 128 127 128 131 132 132 136 137 137 135 135 137 139 139 139 142 145 147 148 149 150 150 150 149 150 151 154 155 155 156 157 158 156 153 155 157 156 156 157 154 153 157 157 154 152 153 157 157 157 158 156 157 156 156 156 155 155 156 156 155 154 154 153 152 151 151 151 151 151 151 150 149 148 148 148 148 148 148 149 148 147 148 147 147 145 144 144 147 148 147 144 142 144 142 141 ;
134 131 129 127 124 121 120 118 115 115 115 112 112 112 112 110 110 110 112 115 117 118 121 122 123 124 125 127 124 125 128 125 124 124 124 125 128 127 125 125 127 129 130 130 130 128 125 127 127 127 127 128 131 131 131 132 135 136 134 134 137 139 139 141 142 144 145 147 148 148 148 150 150 151 153 155 156 154 154 156 156 156 156 156 156 156 156 157 154 153 154 155 155 153 155 158 157 156 155 155 156 156 155 156 156 155 156 157 155 153 153 152 150 150 149 150 151 151 151 150 149 148 149 148 148 148 148 148 148 147 147 147 147 144 143 147 148 147 144 143 142 142 141 141 ;
134 131 128 128 125 120 117 116 116 115 114 110 109 110 110 110 110 112 114 118 118 118 120 122 125 124 125 125 125 129 128 124 123 124 124 125 128 127 127 127 125 128 128 127 125 124 124 125 128 130 130 130 131 130 130 132 134 134 134 136 135 137 139 142 143 144 147 148 150 149 149 150 152 153 154 156 156 156 154 156 156 157 158 156 156 156 154 156 155 152 152 152 156 155 155 157 156 155 152 155 157 158 157 155 156 156 155 156 156 152 152 153 152 151 150 151 151 149 149 149 150 149 150 150 148 148 148 148 147 145 144 145 145 143 142 144 145 144 144 143 144 143 142 141 ;
135 131 128 125 124 121 117 116 115 114 112 108 108 110 112 112 112 115 116 118 120 120 120 122 124 124 125 127 128 130 128 127 125 124 124 125 125 127 128 125 124 124 125 123 123 125 125 124 127 131 129 131 130 129 131 132 135 134 134 137 138 138 141 142 144 148 150 151 152 151 150 150 154 155 155 155 155 155 154 154 155 156 157 155 157 158 155 153 153 152 152 153 154 156 156 156 156 154 153 153 155 157 157 155 154 156 155 155 154 154 153 153 152 152 151 151 150 150 149 148 148 149 149 151 150 148 148 145 145 144 143 147 147 145 144 144 145 144 144 143 144 143 142 141 ;
131 128 125 124 122 118 118 116 112 110 110 109 110 110 112 112 114 116 116 118 120 121 122 122 122 124 123 124 127 128 128 128 125 123 123 124 124 125 127 125 124 122 123 124 124 125 124 123 127 131 128 129 130 130 132 134 135 135 135 138 139 139 142 144 145 148 152 152 151 151 151 151 153 156 156 154 153 154 156 155 154 154 154 154 156 156 155 154 153 152 153 153 154 156 156 155 153 154 155 153 154 155 155 152 150 153 154 154 153 153 153 151 150 151 151 150 150 150 151 148 148 149 149 150 150 148 147 145 147 147 144 145 147 145 145 147 147 144 145 144 143 142 143 143 ;
131 127 125 123 120 116 117 116 112 112 110 109 110 112 112 114 114 115 116 120 121 123 125 124 124 125 123 123 125 125 125 125 124 122 120 121 123 123 124 124 124 123 122 124 123 123 123 122 125 130 127 127 130 131 132 135 136 136 137 138 138 138 142 147 147 148 150 148 148 151 152 154 155 154 154 155 154 154 157 157 155 156 156 154 155 154 154 155 154 153 153 154 154 156 156 153 153 154 155 154 154 154 152 152 152 153 153 153 153 154 153 150 150 151 150 150 149 149 151 150 149 148 148 150 151 149 147 148 148 148 145 143 143 145 145 147 145 144 144 144 143 141 143 142 ;
129 128 125 122 118 116 115 114 114 114 115 114 112 112 114 116 117 117 117 120 122 124 125 124 124 125 125 123 124 124 123 123 123 122 122 123 123 123 124 125 125 123 122 123 123 124 125 123 124 127 129 130 130 130 132 136 138 139 138 139 141 141 143 148 149 149 150 148 150 153 153 155 156 154 154 154 156 156 155 157 158 157 157 156 155 155 153 152 152 153 154 153 152 155 155 154 157 156 154 154 155 153 152 155 155 154 153 153 155 154 153 151 151 153 153 151 151 149 148 148 148 148 148 149 149 148 148 148 148 148 145 145 144 145 147 144 142 141 143 144 143 141 142 142 ;
127 127 124 121 118 116 112 110 112 112 112 114 112 112 115 116 117 120 120 122 123 124 124 124 124 125 125 124 124 124 123 122 123 122 122 122 122 123 123 124 124 123 123 123 124 125 125 125 125 125 129 131 131 131 132 135 137 139 139 141 143 141 143 147 148 150 150 151 152 154 154 154 153 155 156 157 158 155 154 157 158 158 157 156 156 156 154 153 152 153 154 154 152 153 153 154 157 155 153 155 157 156 155 155 155 154 154 155 154 154 153 151 151 153 154 151 152 151 148 149 149 149 149 147 147 148 148 148 148 147 145 145 145 144 144 142 139 141 145 144 143 141 141 142 ;
125 124 122 120 118 115 114 110 112 110 112 112 114 115 116 116 118 121 121 122 123 125 125 123 123 124 124 125 124 124 124 123 122 121 122 121 121 121 120 121 121 121 123 123 123 124 123 124 127 127 127 129 131 132 135 138 138 139 141 143 144 144 145 148 148 149 150 150 151 152 153 154 152 153 157 159 158 157 157 157 157 159 159 156 156 156 155 156 155 153 153 153 154 153 153 154 155 154 154 155 157 158 157 155 153 153 155 155 153 153 153 151 151 151 152 150 150 151 148 149 151 150 149 149 148 147 147 144 144 145 144 144 145 144 144 144 142 144 145 144 142 141 141 141 ;
123 122 121 118 118 116 115 114 110 110 114 114 115 117 116 117 120 121 122 122 123 124 123 123 125 124 124 124 124 124 123 122 121 121 121 122 121 118 118 120 121 121 123 123 123 123 123 124 128 128 128 130 131 135 137 141 141 141 142 145 147 147 148 148 148 149 150 150 151 152 153 152 152 153 156 157 158 158 157 156 157 157 157 157 156 156 157 155 154 156 156 152 154 156 156 157 157 155 154 155 156 157 156 154 154 153 153 153 152 151 152 152 153 151 151 150 149 149 148 148 149 150 149 150 148 145 147 145 144 145 144 144 147 145 147 147 147 147 144 142 141 142 141 139 ;
124 123 122 120 118 116 115 114 114 114 114 114 114 116 116 117 118 120 121 122 123 124 124 125 127 125 124 124 124 123 123 121 118 120 120 120 118 117 118 121 120 121 122 123 122 121 123 125 127 127 128 131 135 137 139 141 141 141 144 147 147 147 149 150 148 149 149 150 153 154 153 152 154 156 156 158 159 158 156 157 158 156 154 156 156 158 160 156 154 157 159 156 157 159 159 161 158 155 155 154 153 154 155 156 156 154 153 152 151 151 149 150 151 151 151 151 150 149 149 148 148 150 149 149 148 148 148 148 147 147 148 147 145 145 147 145 144 145 144 142 141 141 139 138 ;
125 124 123 120 117 116 112 112 114 114 114 116 115 116 116 116 118 120 121 123 122 124 125 125 124 125 124 124 123 123 122 121 120 120 118 117 117 117 120 122 118 120 123 123 122 122 124 127 128 128 129 134 137 138 139 141 141 143 147 148 145 145 148 151 150 150 150 151 153 155 155 156 156 156 157 158 159 157 156 159 159 157 156 155 155 158 160 160 160 158 159 160 160 159 158 161 157 155 156 154 152 154 157 156 153 153 153 151 151 153 151 148 149 149 150 152 151 151 151 149 148 151 151 150 150 150 149 148 147 148 148 148 147 145 147 144 143 142 143 144 142 141 141 141 ;
125 122 122 118 117 116 116 114 114 114 114 116 116 116 118 118 120 121 122 123 122 124 127 124 123 123 123 124 121 120 121 121 120 120 118 116 115 116 120 122 120 121 122 122 121 123 124 127 129 130 131 136 137 138 141 139 141 144 147 148 148 148 150 151 150 151 151 152 153 155 156 157 155 158 160 157 156 156 156 158 160 160 159 158 157 159 160 163 165 161 158 158 158 157 157 158 155 153 154 154 153 153 156 154 153 153 152 151 151 151 150 149 150 150 150 150 148 148 149 148 148 150 150 148 148 148 148 147 147 147 147 145 147 145 144 142 142 141 141 141 141 141 142 142 ;
125 123 120 117 116 116 116 116 114 114 114 112 114 116 117 120 121 122 124 123 123 125 125 124 123 122 123 125 122 118 120 120 117 118 118 116 115 116 121 120 120 122 121 121 120 124 124 125 129 131 132 136 137 139 143 142 143 144 144 147 148 149 152 151 149 152 154 154 156 154 155 155 155 157 158 157 156 159 160 160 162 162 160 158 158 160 161 165 165 159 157 155 154 154 156 157 153 154 155 154 152 153 154 151 153 155 151 150 150 149 149 148 149 150 150 150 149 147 145 148 148 148 148 148 147 147 147 147 147 145 145 144 143 143 141 141 142 141 141 141 137 138 141 142 ;
123 121 118 116 116 116 115 115 115 115 115 112 115 117 117 120 121 122 123 122 123 124 123 122 122 123 124 123 122 121 118 118 117 117 117 117 117 117 118 118 120 120 121 123 123 124 125 128 131 132 135 137 138 141 143 143 147 147 145 148 148 148 149 151 151 153 156 156 156 155 155 155 156 157 158 158 159 160 162 162 165 163 160 157 159 160 161 161 159 157 157 155 155 155 156 157 156 156 156 156 153 153 153 150 151 152 151 150 151 152 151 149 148 148 149 148 149 148 147 148 148 147 148 147 147 145 144 145 144 144 145 143 142 143 142 141 143 142 141 141 139 138 139 141 ;
123 120 120 118 117 116 116 116 116 114 115 116 116 118 118 121 121 121 123 123 123 124 123 122 121 122 123 122 122 122 118 118 118 116 116 116 116 117 118 118 118 118 120 121 123 125 128 130 131 134 137 139 141 141 141 145 148 147 147 148 150 148 148 152 151 152 155 155 155 157 157 157 158 159 160 161 160 160 163 166 165 165 161 158 159 160 160 157 155 157 157 155 156 155 156 156 156 156 156 154 152 151 152 151 150 149 150 150 150 151 151 151 150 148 148 148 148 148 148 148 148 145 145 145 145 144 142 145 147 144 144 143 143 144 143 141 141 141 141 141 141 139 139 139 ;
123 120 120 120 117 116 116 117 116 115 116 117 117 118 120 122 122 122 123 124 125 124 124 123 123 124 124 121 121 120 116 116 117 117 116 114 116 118 120 120 120 120 120 120 123 127 128 131 132 135 138 141 142 142 143 147 148 148 148 149 151 148 148 151 153 156 156 155 157 158 159 159 159 159 161 161 161 162 166 166 162 162 162 159 157 159 159 158 155 155 154 152 153 152 153 154 152 153 153 152 149 148 149 151 148 148 151 150 148 148 151 151 150 148 148 149 148 148 148 145 147 145 147 145 144 144 142 143 145 144 143 142 143 143 141 141 141 139 141 141 141 141 141 141 ;
122 120 120 118 117 115 117 117 116 117 117 118 118 118 121 120 121 121 122 124 124 124 123 123 125 124 122 120 118 118 117 115 116 117 116 115 117 120 120 118 118 120 120 123 125 127 129 134 136 138 141 141 142 142 144 148 149 150 151 150 150 150 150 152 155 158 158 158 159 160 160 158 158 159 160 162 162 162 162 162 161 161 162 160 158 159 158 160 158 154 152 151 151 151 152 151 149 149 150 150 149 148 148 148 149 148 149 150 148 148 150 149 148 148 148 148 148 145 144 144 144 145 145 143 142 142 142 143 143 142 141 141 143 142 139 141 141 137 138 141 141 141 141 141 ;
123 123 120 117 116 116 117 116 115 117 118 121 121 120 121 120 120 122 121 122 122 121 122 122 122 121 121 118 117 118 120 117 115 116 115 115 116 117 118 117 118 121 122 124 127 130 132 137 141 139 139 141 142 144 145 148 149 150 152 150 151 154 154 156 157 158 158 160 161 162 162 158 159 159 159 163 163 162 161 162 160 157 160 159 157 156 156 156 155 154 152 150 150 150 149 149 149 148 147 148 150 149 148 148 148 148 147 148 148 147 148 147 147 147 145 145 144 142 144 145 145 144 143 143 144 142 143 144 143 141 139 139 141 141 141 141 141 138 139 142 141 141 141 141 ;
124 124 121 120 118 117 116 115 115 117 118 120 121 122 121 121 121 122 121 120 121 122 123 123 121 121 121 120 118 118 120 118 117 116 116 114 115 116 118 118 118 123 124 125 129 132 136 138 139 139 139 141 145 147 147 149 149 150 152 153 155 158 158 158 157 156 157 160 160 159 159 160 160 159 161 162 162 162 161 160 157 157 159 158 155 155 154 153 152 151 148 148 149 148 148 148 148 148 145 148 149 150 148 148 148 148 148 147 147 147 147 147 147 147 147 144 143 142 144 145 144 143 144 144 144 144 143 141 141 139 138 138 139 141 141 141 141 141 141 141 141 141 141 139 ;
122 122 121 122 121 117 116 115 116 117 118 121 122 122 123 122 122 122 121 122 124 124 124 123 122 123 123 120 118 120 120 117 116 115 116 114 116 117 117 118 120 124 127 130 132 134 136 137 138 141 141 143 147 147 148 152 152 152 156 160 160 159 159 158 158 157 157 159 158 156 158 162 162 161 162 162 159 160 160 157 156 157 157 155 152 152 152 150 148 148 148 148 148 149 149 148 147 147 148 148 149 149 149 151 150 148 148 148 147 148 147 147 145 147 147 144 144 144 143 143 143 142 142 141 141 141 139 138 137 136 137 137 139 141 141 141 138 139 138 138 141 139 138 138 ;
122 120 120 118 118 117 116 116 116 117 120 121 120 122 123 123 123 123 123 124 125 123 122 123 123 122 121 118 117 117 117 117 115 115 115 115 116 118 120 120 122 127 130 132 134 136 138 139 141 141 142 144 147 148 148 152 154 154 157 161 158 158 160 159 158 158 158 160 160 158 161 162 162 161 162 162 159 158 158 156 154 155 156 155 153 153 153 149 148 148 148 148 148 150 149 147 147 145 148 150 150 148 148 150 150 147 145 145 145 147 147 143 141 144 145 143 144 144 142 141 142 143 141 139 141 139 138 137 136 136 136 137 138 139 141 141 138 138 138 138 139 138 138 138 ;
123 120 118 117 117 117 117 118 117 118 121 118 118 121 122 123 124 124 124 124 124 121 120 123 122 121 120 117 117 117 115 116 116 115 114 116 117 118 122 122 124 130 132 134 134 137 139 141 143 144 145 148 148 150 152 154 155 155 157 159 159 161 162 161 160 161 161 160 159 159 162 161 158 156 156 157 157 153 154 155 153 154 155 155 154 156 153 148 151 151 150 148 148 150 148 144 145 145 147 148 149 148 145 147 148 145 143 144 145 145 144 141 139 141 142 142 141 142 141 141 141 141 141 139 141 141 137 135 134 134 132 134 136 136 137 137 136 137 139 139 139 139 139 141 ;
122 123 121 116 117 118 118 118 118 120 122 121 120 121 121 123 123 122 123 124 122 120 120 122 121 122 122 118 118 116 114 115 116 116 116 118 118 118 122 124 129 130 131 132 132 137 139 142 145 147 148 148 150 152 154 156 156 159 162 165 165 163 163 162 162 162 162 161 159 160 162 158 155 152 151 152 155 153 153 155 153 154 155 155 153 153 152 150 150 149 148 148 148 148 145 143 145 148 148 147 147 148 145 144 145 142 142 144 144 144 142 139 139 139 141 141 141 142 141 141 141 138 138 136 136 138 136 134 132 131 134 135 134 134 137 135 132 135 139 141 141 139 138 138 ;
122 123 122 118 117 118 118 118 120 120 120 120 122 121 120 122 123 121 121 121 122 121 122 123 123 123 120 118 117 115 114 114 116 116 117 118 120 123 124 127 130 131 131 135 137 138 141 144 147 148 150 151 152 154 157 158 159 162 165 166 166 163 162 162 160 159 160 158 158 159 157 155 155 153 154 155 155 154 154 154 153 154 156 157 154 152 151 149 150 149 149 148 147 144 142 143 145 148 148 147 147 147 147 144 144 142 142 143 142 141 141 138 139 141 139 139 141 141 139 137 137 137 137 134 132 134 132 132 131 130 132 135 132 132 135 135 135 137 137 137 138 138 137 138 ;
123 122 122 122 120 120 120 120 121 122 120 120 122 121 120 123 124 122 120 120 121 122 122 123 124 122 120 117 116 116 115 114 117 118 118 120 121 124 127 127 129 132 136 139 141 141 142 144 147 149 153 156 157 158 158 161 163 163 165 166 165 163 163 163 161 157 158 156 154 153 154 155 154 153 154 157 157 155 155 153 153 155 155 155 153 151 150 148 149 150 148 147 144 141 139 142 145 148 148 147 148 145 143 143 143 142 141 141 141 138 137 138 138 138 138 138 139 139 139 136 135 134 135 136 134 132 132 131 131 131 131 134 132 131 134 136 136 135 135 135 137 136 137 138 ;
123 123 122 121 120 121 120 120 120 124 122 122 123 123 123 123 123 122 122 122 120 118 118 121 122 121 120 116 115 115 112 114 118 122 122 122 122 124 128 130 132 137 139 141 143 144 147 148 148 152 156 159 160 158 158 162 165 163 163 163 163 162 162 162 161 158 157 158 156 156 158 157 158 156 154 156 156 156 156 154 155 156 155 153 150 151 152 149 150 148 145 144 141 139 139 141 144 147 145 147 145 142 141 141 141 139 138 139 139 136 136 137 137 138 137 138 137 135 136 134 132 131 130 131 132 132 132 130 130 131 131 131 132 134 134 134 132 131 131 134 136 134 135 137 ;
124 123 121 121 121 120 118 118 118 122 123 122 123 123 123 122 122 122 123 122 120 121 120 121 123 120 117 116 115 115 114 115 118 124 125 124 124 125 130 135 137 139 139 141 142 145 148 150 151 156 159 162 162 161 162 167 167 163 162 162 161 159 160 161 160 161 160 159 158 159 160 159 161 160 157 157 155 156 157 156 155 155 156 155 150 150 151 149 150 148 148 145 141 138 138 138 141 142 143 143 142 141 141 141 139 137 137 137 135 134 135 136 137 138 137 134 132 134 134 132 132 131 127 125 128 130 129 129 128 127 128 130 131 132 131 131 131 132 131 131 134 132 132 135 ;
121 121 120 120 122 120 120 118 118 121 122 122 120 122 123 122 121 123 123 121 121 121 121 120 120 118 117 115 112 112 114 117 121 124 125 125 127 128 132 138 139 139 141 142 144 147 149 154 157 160 162 163 165 165 165 165 163 161 159 159 160 159 162 161 161 162 162 161 160 160 161 162 161 160 158 156 154 152 156 159 157 154 154 154 152 148 147 144 143 143 145 141 138 137 136 138 139 139 138 139 141 141 138 137 137 134 131 129 129 130 131 134 134 134 132 131 131 132 131 131 131 128 124 123 127 129 127 127 125 123 124 125 129 130 130 129 129 131 131 132 132 130 131 134 ;
121 121 121 121 122 121 120 120 120 120 122 123 122 122 122 121 118 121 122 120 120 118 117 118 117 117 116 110 109 110 114 121 123 124 125 127 130 131 134 138 139 142 144 144 147 151 155 156 157 159 160 162 163 162 162 161 158 159 158 158 160 161 162 161 160 162 162 163 163 162 163 163 162 161 158 156 152 148 152 156 154 152 152 153 150 145 141 139 137 137 136 134 135 132 131 135 137 138 138 138 138 138 135 132 131 130 127 123 124 129 131 131 131 131 131 130 130 128 128 129 128 123 121 123 127 127 127 125 123 122 124 125 128 130 128 128 129 129 128 130 129 130 132 134 ;
125 123 122 123 122 121 122 123 122 121 123 124 124 124 122 121 118 120 122 118 116 117 115 114 115 116 115 112 110 112 116 122 123 124 127 129 132 134 135 138 141 147 149 150 153 158 157 157 158 159 160 161 162 158 157 158 160 162 162 162 162 163 162 160 159 161 161 162 161 162 165 162 161 159 156 156 150 145 148 148 148 147 150 152 148 141 137 132 131 134 134 130 130 125 124 129 132 138 141 136 132 131 129 127 124 123 122 120 123 128 130 130 129 129 130 128 127 125 125 128 124 118 118 123 124 123 123 122 120 120 124 125 125 127 125 127 130 128 125 127 127 128 131 132 ;
124 123 123 124 124 121 121 122 121 122 123 124 127 127 123 120 118 118 118 118 118 116 115 114 115 114 114 112 110 112 116 120 123 125 127 131 135 136 137 141 145 151 155 154 154 155 156 159 161 159 158 157 157 157 156 158 162 163 163 162 165 166 162 160 160 161 160 159 157 159 161 158 156 154 152 153 148 142 144 145 145 143 145 148 141 137 132 127 128 134 132 127 124 122 121 124 130 137 137 132 129 125 123 121 118 118 118 120 123 125 128 128 127 127 125 124 124 124 123 123 118 117 121 121 122 122 120 118 118 120 122 123 124 125 124 125 127 127 124 125 127 127 130 131 ;
125 124 124 124 123 122 120 120 122 122 122 124 127 124 122 118 117 117 117 118 116 115 115 115 115 114 110 109 110 115 117 120 125 128 131 136 137 139 141 145 151 156 155 153 152 154 157 159 159 157 155 156 156 157 157 160 165 165 163 163 167 168 166 163 161 158 157 157 157 157 154 152 152 151 152 149 143 139 142 141 139 141 143 141 134 131 127 121 127 130 125 118 115 115 118 121 127 130 127 125 124 121 118 114 114 114 116 120 123 124 125 125 124 124 122 121 121 118 117 116 115 118 122 121 122 120 118 118 117 120 122 123 123 123 121 121 124 124 124 125 125 125 127 127 ;
127 125 125 124 123 122 121 122 123 122 123 124 123 122 122 120 120 120 118 117 115 115 114 114 112 112 109 109 114 117 120 124 128 131 134 138 141 142 144 149 155 155 152 151 152 153 157 158 157 156 157 159 160 157 157 163 167 166 165 166 168 167 165 162 158 154 154 155 157 155 152 152 153 152 150 143 136 134 138 136 135 138 139 135 129 125 120 118 125 125 118 116 110 110 116 118 121 122 121 121 120 117 114 109 110 112 112 116 121 123 122 121 121 120 118 117 117 117 116 114 114 120 120 117 117 116 116 115 115 120 121 121 121 120 120 121 123 124 125 125 124 125 125 125 ;
127 124 124 124 123 122 121 123 123 123 124 124 123 122 122 120 120 120 118 116 117 117 116 114 112 110 110 112 115 120 124 128 129 134 136 139 141 142 147 149 151 151 149 151 152 152 156 159 157 159 162 161 161 157 155 162 165 163 162 162 162 159 158 157 156 153 151 153 156 154 151 150 152 149 144 137 129 128 129 131 136 136 129 123 123 122 117 117 120 117 115 115 108 108 114 114 114 115 114 114 112 108 107 108 109 110 109 114 117 117 117 117 118 117 115 114 115 115 115 114 114 116 115 115 114 112 114 112 114 117 117 118 117 118 120 121 120 120 121 123 123 123 124 125 ;
127 124 124 125 124 124 123 121 122 123 123 123 124 121 120 120 118 118 117 116 115 114 112 114 112 109 109 115 117 122 125 130 132 136 139 141 143 143 147 148 148 148 150 152 155 154 156 158 158 162 165 161 157 156 153 156 159 158 158 160 158 157 157 157 158 157 150 149 152 151 147 143 147 145 141 131 127 124 123 128 131 130 123 117 117 118 117 116 114 109 109 108 104 105 108 109 112 110 110 109 105 100 100 105 105 104 105 110 116 114 114 116 116 114 112 114 114 110 112 116 116 114 114 116 115 112 110 110 112 112 115 116 116 117 117 116 115 117 117 118 120 117 118 122 ;
124 124 127 127 124 124 123 121 122 122 120 121 121 120 118 118 118 118 116 115 112 109 109 110 109 107 110 118 122 128 131 132 135 137 141 142 143 143 145 147 147 148 154 159 159 158 157 157 157 160 160 157 156 156 155 155 154 153 155 158 158 157 159 159 158 156 149 144 142 141 141 138 142 142 136 128 125 121 118 124 124 121 117 114 110 110 110 109 107 102 99 98 100 100 100 104 107 107 105 102 98 97 97 97 97 97 102 108 110 110 110 112 112 109 109 112 114 112 114 117 115 110 110 112 112 109 108 109 110 112 112 112 114 115 115 115 115 116 116 114 114 116 117 118 ;
124 123 125 124 124 123 123 123 123 123 122 121 120 118 118 117 118 117 116 115 114 109 109 109 108 109 114 121 125 130 134 135 137 137 139 141 141 142 144 144 147 148 155 160 160 158 155 153 154 155 156 157 158 158 156 155 153 152 154 154 153 153 154 155 153 150 145 139 132 130 132 136 139 138 132 125 121 118 118 122 121 114 110 110 107 104 104 99 97 95 90 88 91 91 90 91 93 93 95 97 91 90 90 88 91 95 99 102 102 105 108 108 108 107 110 116 117 117 116 114 110 109 109 109 109 108 108 110 110 112 112 110 112 112 114 116 114 112 114 112 114 115 116 117 ;
128 125 124 124 124 122 122 123 123 124 123 121 118 120 118 117 117 116 116 114 114 110 110 109 109 112 117 123 129 131 132 136 136 136 138 141 141 142 143 144 147 149 151 153 154 153 153 153 154 155 157 158 158 158 154 152 150 150 151 148 145 148 149 148 147 147 143 138 130 124 125 128 130 128 124 118 114 112 116 117 110 100 99 102 104 98 87 81 78 76 78 74 71 74 71 71 71 74 78 78 78 76 71 76 82 87 90 93 95 99 102 104 102 107 112 115 116 115 112 109 108 108 109 109 110 110 110 110 110 110 112 114 114 112 110 110 110 109 112 112 110 110 110 112 ;
128 128 124 123 123 122 121 123 122 123 123 121 120 123 121 116 115 114 114 112 110 112 110 109 110 115 118 124 128 131 132 135 136 136 137 141 143 143 145 148 149 151 150 149 149 149 151 153 153 153 155 154 154 155 152 148 147 148 148 144 141 141 143 141 141 142 141 136 130 123 120 120 120 115 107 100 98 99 107 104 93 82 82 93 100 95 79 74 71 69 69 69 69 67 67 69 67 67 67 65 65 63 63 65 69 71 78 81 85 91 95 98 100 105 108 108 110 110 109 109 108 108 109 110 110 114 112 110 110 109 110 112 112 114 110 109 109 109 110 109 105 108 108 109 ;
127 127 125 122 121 122 122 124 123 122 122 121 123 123 120 116 115 115 116 114 110 110 110 109 114 120 122 125 129 131 131 135 137 138 138 141 143 144 148 149 148 148 148 148 148 147 147 148 149 149 149 149 149 150 151 148 143 144 144 142 142 142 141 138 138 138 135 131 127 118 115 109 100 93 87 81 79 88 99 91 79 76 79 85 91 88 79 71 71 74 74 69 69 69 69 69 69 67 69 71 69 69 67 63 65 67 69 74 76 81 90 91 97 100 100 104 105 108 109 109 110 109 109 110 112 114 115 112 109 109 108 107 108 112 114 112 110 110 110 108 105 105 107 109 ;
125 125 125 123 123 122 122 123 122 121 118 120 122 121 118 116 115 115 114 112 109 108 109 112 116 121 123 125 129 131 132 135 136 137 138 141 141 142 145 145 144 144 144 144 144 144 143 144 147 144 144 147 147 147 148 148 144 142 141 138 139 141 141 137 135 136 132 128 123 117 112 104 95 85 79 78 78 87 93 87 79 79 78 78 79 78 71 67 67 67 67 63 63 67 67 67 67 67 71 71 71 69 65 65 65 69 71 71 74 76 82 88 93 98 99 100 102 104 105 105 107 108 108 109 110 110 112 112 109 109 108 105 108 110 112 114 112 110 110 109 109 109 109 112 ;
125 127 127 125 125 122 121 122 123 122 120 118 118 117 116 114 114 114 110 109 108 107 107 114 121 122 124 127 128 130 132 134 134 135 137 139 139 139 138 139 139 138 139 138 137 139 142 142 141 141 141 142 143 142 144 143 141 139 135 132 134 136 137 138 138 138 137 132 125 117 110 99 90 82 81 79 78 79 81 79 74 74 71 67 69 67 65 63 61 61 61 55 57 63 63 65 67 67 69 69 71 67 63 63 65 67 67 67 71 74 78 82 88 95 99 100 100 99 99 99 99 100 104 108 107 105 108 110 112 112 110 110 112 112 110 110 112 110 109 109 112 114 114 114 ;
125 127 125 125 124 123 123 122 123 122 120 120 118 117 116 114 112 110 110 109 108 108 108 115 121 123 125 130 130 129 131 132 132 132 134 137 137 136 135 132 132 131 131 131 132 134 138 138 137 138 137 137 137 137 136 137 138 138 135 134 138 141 141 145 148 144 141 135 127 116 107 95 87 81 79 79 78 74 76 76 71 71 67 63 63 61 61 57 55 57 57 52 55 57 57 61 65 65 67 67 67 67 65 63 65 67 65 67 69 69 71 76 82 93 98 99 98 98 98 99 98 98 100 102 102 100 102 105 108 110 112 116 117 114 110 109 110 110 110 114 115 115 114 109 ;
127 127 127 124 121 123 124 123 122 120 118 118 117 117 118 115 112 110 108 108 108 109 112 117 118 123 128 130 127 125 127 129 130 129 128 129 130 129 129 124 121 120 118 122 128 130 130 131 129 128 130 129 130 130 130 134 137 139 139 141 145 148 150 154 153 148 139 129 121 110 100 93 85 79 78 79 78 74 71 74 71 67 61 55 52 50 45 39 39 39 45 39 39 47 52 55 57 63 65 65 65 65 65 67 67 67 67 67 65 65 67 71 78 87 93 97 97 99 99 99 98 98 99 95 95 97 95 97 98 100 104 109 112 110 109 109 108 109 110 110 110 109 105 100 ;
127 127 127 124 122 124 124 122 121 121 118 118 117 115 116 116 112 110 108 107 108 109 114 118 120 124 128 128 124 122 124 127 127 129 129 128 129 129 124 120 116 112 114 123 132 132 130 128 124 124 127 127 128 130 132 135 138 142 145 148 150 151 154 155 152 144 135 123 115 107 98 91 85 81 81 78 78 74 69 67 63 57 52 39 27 15 0 0 0 0 0 0 15 31 45 50 50 57 63 65 65 65 65 65 63 61 63 63 61 63 65 67 71 81 88 93 95 99 98 98 98 97 97 93 93 91 91 91 91 93 95 98 100 100 104 104 102 104 105 102 99 98 97 98 ;
125 127 125 124 125 127 124 121 122 122 118 116 117 115 112 114 110 108 108 107 108 110 117 120 121 124 125 124 123 123 124 127 127 136 139 130 139 143 128 120 116 115 118 134 141 136 131 128 127 125 128 128 129 134 137 137 139 144 147 150 153 155 155 154 148 139 130 120 112 100 93 91 88 85 87 81 79 76 67 57 50 39 27 0 0 0 0 0 0 0 0 0 0 0 22 31 39 52 57 61 63 65 67 65 61 57 61 61 57 61 61 63 67 76 82 90 93 97 98 93 93 95 95 93 90 88 87 87 87 85 88 90 88 90 91 91 93 95 95 93 91 93 95 99 ;
127 128 127 125 125 124 122 122 122 121 117 115 116 115 112 112 110 108 108 107 109 116 122 123 123 124 124 123 122 123 132 134 129 138 141 129 136 141 128 121 118 118 122 131 136 131 128 128 128 129 129 129 130 134 138 141 144 147 148 154 156 156 155 151 147 138 127 116 110 102 93 91 91 90 90 88 81 74 67 55 39 15 0 0 0 0 0 0 0 0 0 0 0 0 0 0 27 45 52 55 61 65 65 65 61 61 61 61 57 57 57 63 67 74 82 90 91 95 97 91 91 93 93 91 88 88 82 81 79 78 79 82 81 81 85 87 90 90 88 90 91 95 98 98 ;
129 129 127 125 125 123 123 123 121 120 120 118 117 114 114 112 110 110 109 109 112 118 122 124 125 127 123 123 123 124 137 141 131 134 132 128 124 124 123 120 121 122 123 127 130 130 130 131 131 131 131 131 131 136 141 144 148 151 154 157 157 156 151 148 147 135 122 112 108 102 98 95 95 93 91 87 78 65 57 45 22 0 0 0 0 0 0 0 0 0 0 0 0 0 0 0 0 27 39 50 57 63 63 67 67 61 61 61 57 57 57 63 67 71 79 90 93 93 95 91 91 91 88 87 87 87 82 79 78 76 74 78 78 78 85 90 88 87 87 90 91 93 95 95 ;
131 128 124 125 124 123 122 120 118 121 121 118 117 115 114 112 110 109 110 112 115 118 122 125 128 127 123 122 124 128 134 135 132 131 130 125 122 122 121 118 121 123 125 130 131 131 131 134 134 134 132 134 134 137 142 148 150 153 155 155 154 154 150 148 144 130 116 109 105 100 99 98 98 93 90 78 65 57 47 27 0 0 0 0 0 0 0 0 0 0 0 0 0 0 0 0 0 0 27 45 52 57 61 67 67 61 57 57 61 61 57 57 65 69 78 90 93 95 93 90 90 91 88 87 85 85 82 79 78 74 74 74 78 79 85 90 88 85 85 88 90 91 93 95 ;
131 128 125 124 123 122 121 118 118 120 120 121 121 117 116 112 109 108 110 115 118 122 124 128 130 130 124 122 124 128 131 131 130 130 127 121 120 121 120 118 120 122 128 134 134 131 132 134 134 132 132 134 136 138 141 147 148 148 150 151 152 152 151 147 138 123 112 108 104 99 99 98 95 87 79 69 61 50 31 0 0 0 0 0 0 0 0 0 0 0 0 0 0 0 0 0 0 0 0 31 45 50 55 61 63 61 57 57 55 57 55 55 63 67 71 85 91 93 95 91 88 88 90 90 87 82 78 78 76 74 71 71 74 79 82 85 85 87 90 90 90 88 90 95 ;
130 129 128 124 124 123 122 122 120 120 121 122 122 120 117 110 108 109 112 117 122 125 128 130 131 131 125 122 124 125 129 130 128 125 122 120 120 120 118 120 121 124 129 134 135 132 132 132 131 129 130 132 136 141 141 144 145 145 148 150 151 150 148 141 131 120 110 104 98 95 97 93 87 78 71 63 55 45 15 0 0 0 0 0 0 0 0 0 0 0 0 0 0 0 0 0 0 0 0 15 35 45 52 55 61 61 57 57 55 55 55 55 61 67 69 81 88 90 93 91 88 88 88 88 87 79 71 76 76 71 69 69 71 78 79 82 85 85 87 85 82 88 93 97 ;
131 130 127 125 125 124 123 122 122 123 122 120 120 118 114 109 109 114 116 118 122 125 130 131 131 131 130 124 123 124 125 125 123 120 118 117 117 116 115 118 123 127 129 132 134 134 134 131 130 128 127 132 136 139 143 144 144 145 147 148 147 145 144 137 128 117 108 100 95 93 93 85 78 71 69 57 47 27 0 0 0 0 0 0 0 0 0 0 0 0 0 0 0 0 0 0 0 0 0 0 27 45 47 52 57 61 61 61 57 55 55 55 61 67 69 81 88 91 93 91 88 87 85 82 79 74 71 71 74 71 69 69 74 79 79 81 81 79 79 78 85 97 100 104 ;
131 130 125 124 124 123 122 122 122 123 123 118 120 117 110 109 110 115 117 121 124 129 131 132 132 135 134 128 122 123 123 120 118 117 116 116 116 112 112 117 121 125 128 129 130 132 134 132 131 130 130 132 136 139 143 143 143 143 142 142 142 142 139 132 125 116 107 97 93 88 85 79 74 71 67 61 45 0 0 0 0 15 31 31 22 0 22 39 45 22 0 0 0 0 0 0 0 0 0 0 15 39 47 52 61 61 57 61 61 55 55 55 63 67 69 78 85 90 90 88 87 87 82 79 76 74 71 69 69 69 71 71 76 78 78 78 78 78 79 82 91 100 102 108 ;
128 128 127 125 125 123 122 122 122 122 121 118 118 115 110 109 112 115 117 122 125 129 130 132 135 136 137 132 125 124 121 117 115 112 112 114 115 114 117 121 121 122 123 125 127 129 130 131 131 132 132 131 134 138 141 141 144 143 141 141 141 139 137 131 123 112 102 91 87 85 81 76 74 69 65 57 35 0 0 0 22 93 87 76 47 47 117 109 88 47 0 0 0 0 0 0 0 0 0 0 15 35 50 55 61 63 57 61 57 55 57 61 63 67 71 78 82 85 88 87 85 85 81 78 74 71 69 67 67 71 71 71 74 74 74 76 78 81 82 90 95 98 100 107 ;
127 128 129 125 124 123 122 121 121 122 121 118 116 112 110 110 114 116 120 124 127 128 130 135 137 136 139 137 131 125 122 117 112 108 108 112 115 129 136 127 122 122 122 124 127 127 128 130 130 131 132 131 134 138 141 141 143 143 142 139 141 139 136 130 122 110 99 91 87 82 79 76 74 69 65 52 31 0 0 0 93 93 93 120 69 117 117 117 141 67 27 0 0 0 0 0 0 0 0 0 15 39 50 55 57 63 63 61 57 57 61 61 63 65 67 76 82 88 90 85 82 79 79 78 74 71 71 69 71 74 71 71 74 74 76 79 81 82 88 93 97 100 102 107 ;
130 129 128 125 121 120 121 118 118 120 120 118 115 110 109 110 116 120 123 127 130 131 132 136 138 138 139 141 138 132 127 122 117 109 107 109 115 141 147 127 120 121 120 121 124 124 128 130 129 130 131 134 136 138 139 141 143 144 142 139 141 139 136 130 121 108 98 90 85 79 74 71 71 69 63 50 27 0 0 93 93 93 93 93 117 117 117 117 117 78 35 0 0 0 0 0 0 0 0 0 15 45 52 55 57 63 63 63 61 61 61 61 63 63 65 76 81 87 87 82 79 74 76 76 74 74 74 74 74 74 74 76 74 71 76 81 85 90 93 99 102 105 108 109 ;
131 129 128 125 122 120 122 121 120 118 118 117 112 109 108 110 117 121 125 128 130 131 132 134 136 141 141 143 143 141 135 130 127 121 115 112 115 127 129 120 120 120 117 120 121 122 127 129 128 128 130 131 134 135 137 141 141 142 143 142 141 137 135 130 122 108 98 88 81 78 74 69 69 69 63 45 22 0 0 0 93 93 93 143 69 117 117 117 134 57 15 0 0 0 0 0 0 0 0 0 22 45 52 57 61 65 65 61 57 57 61 61 61 65 69 74 81 81 81 81 79 76 71 74 74 71 71 76 78 71 74 78 78 76 79 85 90 95 98 100 105 109 110 110 ;
130 129 128 128 125 122 122 122 121 120 118 115 110 109 108 112 117 120 123 127 128 130 132 134 137 142 143 144 145 142 139 137 135 130 125 122 118 118 117 116 118 118 117 118 117 117 122 124 125 124 125 128 131 135 138 138 139 141 142 141 139 137 134 129 122 108 98 85 79 78 71 69 67 67 65 47 22 0 0 0 39 93 109 50 22 52 117 85 55 0 0 0 0 0 0 0 0 0 0 0 27 50 52 57 63 65 65 61 57 61 61 57 61 63 67 76 79 81 79 78 78 74 69 67 69 71 69 71 74 74 74 79 82 82 87 91 95 98 99 99 104 109 110 110 ;
128 129 129 128 124 122 121 121 122 121 118 115 110 109 109 114 116 118 122 125 127 130 131 135 141 143 144 147 148 144 142 141 138 136 134 131 129 129 128 124 123 122 122 117 114 115 117 122 123 121 123 128 131 135 137 136 138 142 141 138 139 141 137 130 123 108 97 87 79 76 74 71 69 67 63 50 22 0 0 0 0 0 0 0 0 0 0 0 0 0 0 0 0 0 0 0 0 0 0 0 31 52 55 61 63 65 65 61 61 61 57 57 57 61 65 76 79 81 79 74 71 67 67 69 69 71 69 69 71 74 78 82 82 82 88 95 98 99 100 102 107 109 109 110 ;
127 130 129 125 124 123 121 120 121 120 117 115 110 108 110 115 117 118 122 124 125 129 129 134 141 144 145 148 149 151 149 147 145 143 141 138 137 137 138 136 131 129 128 122 115 115 117 120 122 122 123 125 127 130 131 134 136 138 139 139 139 139 136 129 124 112 98 88 81 78 78 78 74 65 61 52 31 0 0 0 0 0 0 0 0 0 0 0 0 0 0 0 0 0 0 0 0 0 0 0 39 52 55 61 65 65 65 61 57 57 57 61 61 61 67 78 81 78 74 69 67 63 63 67 69 67 63 67 71 74 76 81 82 82 90 97 99 100 104 105 107 107 107 109 ;
128 130 129 125 124 123 121 121 120 118 117 114 110 109 112 116 118 120 123 125 125 125 127 131 137 143 145 149 151 154 153 151 150 148 145 142 141 141 141 138 134 132 132 127 120 116 115 116 120 120 121 122 123 127 130 131 132 135 137 139 139 136 134 129 123 114 99 87 81 78 78 78 76 69 67 57 45 22 0 0 0 0 0 0 0 0 0 0 0 0 0 0 0 0 0 0 0 0 0 27 47 52 57 61 65 67 67 63 57 61 63 61 57 61 69 78 81 76 69 67 63 65 65 65 67 63 61 65 69 71 74 78 81 87 93 99 100 102 104 105 107 105 104 109 ;
131 130 127 125 124 121 122 123 122 121 115 114 112 110 112 116 117 121 124 125 125 124 127 130 134 141 144 148 151 153 153 153 153 151 150 148 147 144 143 141 139 139 137 131 127 121 112 112 114 115 115 117 121 124 127 128 129 132 135 136 136 135 134 131 127 115 100 90 82 79 78 79 78 78 71 65 55 27 0 0 0 0 0 0 0 0 0 0 0 0 0 0 0 0 0 0 0 0 0 35 50 57 63 65 65 67 65 61 61 63 63 57 55 61 69 76 78 74 69 63 63 67 67 65 67 63 61 67 71 78 81 81 87 95 98 100 104 105 108 108 109 108 108 112 ;
130 129 127 124 123 122 123 122 122 121 115 114 112 110 114 116 118 120 123 127 125 125 129 130 134 139 142 147 149 153 154 157 156 155 154 153 150 148 147 144 144 142 139 137 134 128 120 114 110 109 109 114 117 120 122 125 128 131 131 131 132 132 134 131 128 117 102 91 85 81 78 78 78 78 74 67 61 39 15 0 0 0 0 0 0 0 0 0 0 0 0 0 0 0 0 0 0 0 22 45 52 57 63 65 65 63 61 57 57 57 57 52 52 61 69 76 78 71 69 67 67 69 69 67 67 67 67 71 79 82 82 85 91 99 102 102 105 108 108 108 109 110 112 115 ;
130 127 129 125 124 125 125 124 121 118 116 112 110 112 115 117 120 118 121 124 128 129 129 131 135 137 141 145 148 153 157 160 159 158 159 160 156 152 151 149 148 145 144 142 139 136 129 120 114 108 105 108 110 110 115 121 124 125 124 125 125 128 131 130 127 120 109 95 85 79 76 74 78 79 74 69 65 52 35 0 0 0 0 0 0 0 0 0 0 0 0 0 0 0 0 0 0 22 39 55 57 61 63 65 61 57 57 55 50 47 47 47 52 61 69 76 74 67 67 69 69 69 71 71 74 76 74 79 85 85 85 88 93 99 99 100 104 105 108 108 108 110 114 117 ;
129 129 128 125 125 127 127 127 122 118 116 110 109 112 115 120 121 118 118 124 129 129 131 135 136 138 141 145 149 152 157 161 161 160 162 163 162 160 156 152 151 150 148 145 143 141 135 130 123 114 108 107 108 107 108 114 118 121 122 120 120 123 127 128 125 120 110 97 85 79 76 74 78 78 76 71 69 57 47 31 15 0 0 0 0 0 0 0 0 0 0 0 0 0 0 0 0 39 52 55 55 57 61 61 57 55 50 45 39 39 39 45 52 67 76 78 74 67 67 71 71 69 71 74 76 76 76 81 85 88 90 93 95 98 98 100 102 105 109 108 108 110 114 116 ;
130 129 128 125 127 128 125 124 122 118 116 112 110 112 114 117 118 120 120 127 130 130 132 135 136 139 142 147 149 152 157 162 162 162 163 162 163 165 162 158 153 152 153 152 148 142 141 141 137 129 122 115 108 102 105 110 114 116 116 114 114 116 120 123 122 117 109 98 88 81 76 76 76 78 76 71 69 63 61 52 39 15 0 0 0 0 0 0 0 0 0 0 0 0 0 15 31 47 50 50 52 55 57 55 52 45 35 35 39 39 35 45 55 71 76 76 78 71 71 74 69 69 74 76 79 81 85 91 91 93 98 99 100 100 102 105 107 108 109 109 110 116 116 117 ;
129 127 127 125 127 127 124 123 120 116 115 114 112 114 116 117 118 122 122 127 131 131 132 135 138 141 143 145 148 151 156 159 161 165 165 162 162 165 165 162 158 156 157 155 150 148 148 148 145 141 135 125 117 107 107 107 107 107 105 110 112 114 116 117 118 117 110 102 93 81 74 74 76 74 74 74 69 67 65 63 52 35 27 15 0 0 0 0 0 0 0 0 0 0 0 31 39 47 50 52 52 55 55 50 39 31 31 35 39 35 35 50 63 71 74 78 79 76 74 78 76 76 76 79 87 90 93 99 98 98 100 104 105 107 107 110 110 110 112 112 116 118 120 120 ;
130 128 127 127 127 127 124 123 121 116 114 112 114 115 116 117 120 122 123 127 129 131 134 138 141 143 144 145 144 149 154 156 161 166 166 163 162 165 167 165 163 162 159 156 154 153 152 151 148 145 141 134 128 120 112 108 105 104 104 108 109 110 114 110 112 115 110 105 97 82 74 71 74 74 74 74 69 67 63 61 61 55 52 35 27 15 0 0 0 0 0 0 0 0 22 35 39 47 52 52 47 45 47 45 31 22 27 35 31 27 50 63 67 71 78 81 79 76 74 79 81 82 82 90 98 100 102 105 107 107 108 108 108 110 109 110 112 112 112 114 116 118 122 124 ;
131 129 127 128 129 127 124 124 122 116 115 112 112 116 116 117 122 123 123 127 129 130 135 139 141 143 145 147 145 148 152 157 162 162 163 165 162 165 167 168 167 163 160 159 157 155 153 153 152 150 147 138 134 129 121 116 112 107 104 104 104 107 108 104 105 114 112 108 100 90 81 78 74 71 71 67 67 67 63 63 61 61 57 50 45 35 27 27 22 15 15 22 27 27 35 35 39 45 45 45 39 39 39 35 27 15 27 35 35 45 57 63 63 69 74 79 79 76 74 81 85 90 95 102 108 112 112 112 112 112 114 112 110 112 110 112 114 112 112 115 117 117 122 125 ;
130 129 130 130 127 125 124 124 122 117 115 112 112 114 117 118 121 124 124 125 128 130 135 139 141 142 144 147 147 148 149 154 158 158 162 163 165 165 165 167 167 165 163 163 161 159 158 157 157 156 151 142 138 136 129 123 120 114 108 104 104 105 102 100 104 112 115 110 105 95 82 78 71 65 67 67 69 69 67 67 61 57 57 57 57 55 50 45 45 39 35 39 39 35 39 45 39 39 39 35 31 31 35 31 27 27 35 45 52 61 63 63 63 67 67 74 76 76 81 90 95 98 104 110 112 116 117 116 116 117 115 115 114 114 115 115 114 114 116 117 120 122 125 128 ;
132 131 132 132 128 124 124 124 121 118 116 112 112 112 116 118 120 122 123 125 128 131 134 138 141 141 144 148 148 148 150 153 155 157 161 165 167 168 167 166 165 166 167 165 162 162 162 161 161 157 152 145 143 141 131 128 127 124 117 114 112 109 107 107 109 114 116 114 108 98 87 79 74 67 67 67 69 69 69 65 61 55 57 63 63 61 55 50 52 52 45 47 50 47 47 45 45 39 39 35 31 31 35 39 45 50 52 55 63 69 71 69 69 71 71 74 74 81 91 98 102 104 108 112 115 116 116 116 117 117 117 117 116 115 116 116 114 115 117 118 121 125 129 129 ;
132 131 132 134 130 125 125 125 123 120 117 116 114 115 115 118 120 121 123 127 130 132 135 138 141 143 147 148 151 152 153 155 154 156 159 162 166 168 168 167 167 167 170 168 165 162 162 162 162 158 154 150 148 143 141 138 138 135 127 121 118 112 112 112 110 112 115 114 109 102 97 90 85 78 67 65 63 61 63 61 57 57 55 57 61 55 52 55 57 55 52 52 55 55 52 52 52 50 45 45 47 50 61 65 61 61 63 67 71 79 82 81 81 81 82 85 82 90 98 107 110 112 114 116 115 115 116 115 115 116 116 114 114 115 116 115 116 118 121 123 125 125 128 130 ;
131 130 131 131 130 127 125 123 121 118 118 117 116 117 116 117 121 121 123 127 130 134 136 141 143 145 148 150 155 155 155 154 152 153 156 159 162 165 166 168 168 166 168 171 167 165 165 165 162 159 159 154 150 151 151 147 142 138 130 123 122 121 122 121 117 116 118 117 115 110 107 105 99 85 74 67 61 55 55 57 55 55 52 55 57 55 55 57 61 57 55 55 57 55 55 61 65 63 61 65 67 71 76 76 69 67 69 71 76 82 90 93 93 93 97 100 99 97 100 110 116 118 118 117 117 117 120 120 117 117 118 115 114 117 118 116 118 122 123 124 127 127 127 131 ;
130 130 131 131 130 127 124 123 118 117 116 115 116 116 117 117 122 122 123 125 130 134 137 141 145 148 148 150 152 153 155 154 152 152 152 157 162 165 165 168 171 167 165 166 167 168 168 168 166 162 161 159 159 161 154 148 145 142 138 134 136 139 137 135 131 127 128 128 125 122 121 121 110 95 85 79 71 61 63 67 61 55 55 65 71 69 63 69 71 63 65 67 63 63 65 74 79 78 79 81 81 79 81 79 74 74 74 76 79 88 97 99 102 105 108 110 109 105 107 112 116 118 120 120 120 118 120 121 118 118 120 117 116 118 118 118 122 124 125 129 130 130 130 132 ;
131 134 132 131 131 129 125 124 121 118 116 115 115 116 117 120 122 122 124 127 129 135 138 141 144 145 148 149 151 153 154 153 153 153 152 154 160 162 163 167 171 171 167 167 166 168 168 168 168 165 162 161 161 159 154 152 154 151 149 148 149 149 148 145 141 136 136 135 134 130 129 128 118 107 100 95 87 76 76 85 81 76 79 88 88 81 78 79 79 76 81 81 78 78 79 85 88 85 85 82 79 78 82 87 82 79 78 79 87 97 105 110 112 115 117 114 112 110 110 110 112 115 117 121 120 118 120 121 122 120 120 118 118 120 120 122 125 129 130 132 131 131 132 135 ;
134 135 132 130 132 131 127 124 122 122 118 115 116 117 117 121 124 124 125 127 129 135 137 139 142 143 148 150 154 155 153 153 154 155 155 154 156 159 159 162 168 170 170 168 167 166 166 168 168 166 167 166 162 157 156 163 165 159 158 159 158 155 153 152 148 144 142 139 138 137 136 134 125 115 110 108 98 88 93 99 100 98 100 104 99 97 95 90 85 88 95 91 88 90 90 91 93 88 87 82 82 85 90 91 91 90 88 91 99 105 112 121 121 120 122 122 121 121 118 115 115 115 117 120 121 122 122 123 123 122 122 122 123 123 122 125 129 131 131 131 131 131 134 137 ;
132 135 134 130 131 130 127 124 122 122 118 115 116 117 117 118 123 127 127 127 130 135 137 138 141 147 149 150 152 153 153 155 155 156 158 157 155 157 158 161 165 166 168 168 168 165 165 167 168 166 167 167 165 161 160 165 163 160 162 163 162 159 156 155 152 150 148 143 141 141 141 138 130 122 118 116 105 100 105 107 107 109 109 105 102 100 98 97 90 90 97 100 100 99 97 93 91 90 90 91 91 97 97 95 95 95 97 100 105 110 116 120 122 124 124 124 125 125 124 121 118 120 122 123 123 123 123 122 122 124 123 122 124 122 123 127 130 131 131 131 131 132 134 136 ;
135 137 135 131 130 128 127 124 122 121 120 117 116 117 117 118 120 124 127 125 128 134 137 138 142 147 148 149 152 152 154 157 158 157 157 159 158 158 158 162 162 162 165 168 171 168 165 167 167 166 166 165 165 167 168 165 162 159 162 165 163 161 161 159 156 156 155 149 144 145 147 141 132 130 134 128 117 112 115 115 117 121 117 109 104 98 95 97 95 93 99 110 112 109 107 100 98 97 98 99 102 105 105 105 105 99 98 107 112 117 122 124 125 128 128 125 125 127 125 124 123 124 124 124 125 124 122 121 123 124 123 123 124 124 128 131 132 132 132 135 135 134 136 137 ;
138 138 135 132 129 128 127 125 124 122 120 118 117 117 120 121 121 122 124 127 130 132 136 139 142 145 145 149 153 152 154 157 159 157 157 159 160 159 159 160 161 160 162 166 170 171 170 168 167 165 166 166 165 165 168 171 166 162 162 163 162 160 160 160 158 159 158 152 149 150 148 143 139 141 143 136 125 123 125 128 128 128 124 117 112 105 102 102 100 99 107 118 121 121 120 115 110 107 105 108 114 118 121 122 122 117 112 110 117 120 124 130 130 130 129 129 127 125 127 127 127 127 127 127 127 125 122 123 124 123 124 125 127 129 131 132 134 132 132 136 136 136 138 138 ;
139 138 137 135 131 129 129 128 125 124 122 120 117 117 118 120 121 122 124 128 130 132 135 141 141 142 144 148 151 151 153 157 159 158 159 159 161 160 159 159 160 159 159 162 165 170 172 171 168 166 167 167 165 162 165 168 167 167 168 165 160 159 158 158 162 162 159 155 155 156 153 150 149 150 149 143 135 135 141 142 138 135 132 129 128 127 124 120 116 109 109 121 131 135 134 131 127 121 116 120 125 132 134 132 132 134 129 123 122 120 123 129 131 131 130 129 128 127 128 129 129 129 128 130 131 128 125 125 125 125 127 129 130 131 132 134 131 131 132 135 137 139 141 141 ;
139 138 136 135 132 130 130 128 127 125 123 121 118 117 117 120 122 122 125 127 130 134 137 141 142 143 145 148 149 153 156 158 158 158 160 161 162 161 160 161 161 159 158 161 163 167 170 173 172 170 168 166 165 165 165 163 165 167 167 166 162 162 160 162 165 161 158 159 160 159 159 155 152 155 155 151 144 143 148 149 147 143 143 143 142 141 138 132 128 121 115 121 135 141 141 139 135 130 128 129 134 137 137 137 137 137 135 131 127 123 123 128 130 130 131 131 130 131 131 131 130 130 131 130 131 131 129 125 127 128 130 131 132 134 135 136 132 131 135 137 139 141 141 141 ;
139 138 136 134 132 131 128 125 125 127 124 122 121 120 120 121 122 122 125 127 129 134 136 141 142 143 145 148 148 153 158 156 155 158 165 165 162 162 163 165 165 162 162 162 162 162 165 168 172 171 168 165 165 165 165 162 165 167 166 165 165 163 165 168 165 160 159 160 160 158 158 157 156 158 157 153 149 150 153 152 151 150 152 153 151 149 147 144 138 132 125 127 137 141 144 144 139 137 136 135 138 139 141 141 138 137 137 135 134 131 128 129 130 131 132 134 135 134 132 132 131 131 132 131 129 131 130 128 131 132 134 135 134 135 137 137 134 135 138 139 141 141 139 141 ;
139 139 138 137 135 131 128 125 125 125 124 123 121 120 120 120 120 123 125 127 129 134 136 138 141 143 145 148 148 152 156 155 155 158 165 165 161 162 165 168 165 163 165 163 162 158 160 163 166 170 168 167 166 167 165 163 163 165 166 165 165 163 165 168 165 163 162 161 159 157 155 156 157 157 156 153 151 153 155 154 152 151 151 153 152 151 151 150 147 143 137 132 138 141 144 148 143 141 138 138 141 141 142 141 138 136 138 139 137 135 132 130 130 130 132 134 135 134 132 134 132 132 132 132 130 131 132 131 134 132 134 137 136 136 137 137 137 138 138 138 141 141 141 141 ;
141 141 139 138 136 132 129 127 125 125 124 122 121 120 120 120 121 122 123 127 129 132 136 138 141 143 147 148 150 153 154 156 156 156 159 161 161 162 165 165 166 165 163 165 162 161 161 162 162 165 168 171 172 171 168 165 165 165 163 165 166 165 163 162 162 163 165 162 161 159 156 155 156 155 155 154 154 155 155 154 153 152 151 153 153 151 152 153 151 149 145 139 139 141 144 148 147 145 143 142 143 141 141 139 138 137 138 139 137 136 136 134 132 132 134 136 135 132 132 134 134 134 135 134 135 136 137 136 136 134 135 138 138 137 138 138 138 139 138 139 141 142 141 142 ;
142 141 138 137 136 132 130 129 127 127 124 122 122 122 122 121 122 122 123 127 130 131 134 137 139 141 145 148 150 152 153 155 156 156 158 161 161 162 163 165 165 165 163 167 167 165 165 162 162 162 165 168 172 171 168 165 165 165 163 163 165 165 163 162 162 163 163 162 160 160 159 156 156 156 155 155 155 157 157 154 153 153 153 154 155 152 153 155 153 154 151 148 143 143 145 148 147 148 144 142 143 142 141 139 139 138 137 139 139 139 138 136 136 135 135 137 135 132 134 135 137 137 137 136 136 137 139 138 139 138 137 139 139 138 141 141 141 141 141 141 141 142 141 141 ;
143 139 138 138 135 134 132 130 128 127 124 122 122 122 123 123 122 123 123 125 129 131 134 137 139 142 145 147 148 152 154 155 156 157 160 162 162 162 162 165 165 162 165 170 171 171 168 165 166 163 163 165 168 170 168 166 166 165 163 165 165 165 165 165 165 165 162 160 159 159 159 156 157 159 157 156 153 155 158 156 152 153 153 154 156 153 152 152 151 151 152 150 145 143 144 148 147 144 142 143 145 143 144 143 142 139 139 142 141 139 138 137 137 137 138 137 136 136 138 139 138 139 139 138 137 138 138 139 139 138 137 138 139 141 142 143 144 144 144 145 143 142 141 142 ;
141 139 138 137 134 135 135 131 128 127 124 121 121 121 122 124 124 124 124 127 129 130 132 137 141 143 145 147 147 152 156 153 152 155 160 160 162 162 162 165 165 162 162 167 168 171 170 170 171 166 165 165 165 166 167 168 168 166 165 165 166 166 167 166 165 165 163 159 158 158 158 158 160 160 158 157 156 155 157 155 152 152 152 152 153 152 150 149 148 148 148 148 145 145 145 148 148 147 145 145 147 143 143 145 142 142 142 141 141 139 138 139 141 141 139 139 138 139 141 139 139 141 141 139 138 138 139 139 138 136 136 137 141 142 143 143 143 144 144 145 145 143 142 143 ;
142 141 141 138 136 136 136 135 132 129 127 123 122 122 122 123 125 124 124 127 128 128 130 135 139 141 144 148 148 150 153 152 151 155 159 159 160 161 161 163 162 161 162 165 165 167 168 171 168 168 167 165 165 162 165 167 166 166 168 166 165 163 165 165 165 165 163 162 161 159 158 161 162 160 159 160 159 157 155 154 154 153 152 152 152 153 150 149 150 151 150 149 148 148 148 148 149 149 149 150 148 143 143 145 142 143 142 141 141 141 141 141 143 143 141 141 141 141 141 138 139 141 141 141 138 138 138 137 137 137 138 141 144 143 143 142 142 144 144 144 143 143 143 143 ;
143 142 141 139 138 137 136 135 132 129 128 125 124 124 123 123 123 123 123 124 127 128 130 134 137 138 141 145 148 148 150 150 151 156 159 159 161 160 159 162 162 162 163 165 165 167 168 170 168 168 168 167 165 165 163 165 165 168 171 171 168 163 163 165 165 163 162 163 162 161 162 163 162 162 162 162 159 157 156 155 156 157 155 153 153 153 153 152 152 152 153 151 149 148 148 148 150 149 149 150 148 147 145 147 145 144 143 142 143 143 143 142 144 144 142 141 142 142 141 141 141 141 141 141 139 136 137 137 138 141 142 144 145 144 144 143 144 145 145 145 144 145 145 143 ;
144 142 141 141 139 138 135 134 131 129 129 128 125 124 124 122 123 123 122 124 125 128 131 134 136 137 141 143 145 148 149 148 150 156 159 159 159 158 159 161 162 163 165 166 165 165 167 168 167 166 166 168 168 168 167 163 163 166 170 171 168 166 166 168 165 162 163 162 162 162 163 166 165 162 162 162 161 160 159 158 159 158 155 154 153 154 155 155 155 153 151 151 150 151 151 150 150 151 149 149 149 149 148 147 145 147 145 145 145 145 145 145 144 142 144 144 143 143 142 143 143 143 141 138 138 137 137 139 141 142 144 145 148 147 147 147 145 144 145 145 144 145 145 145 ;
145 143 141 141 141 139 137 135 132 130 128 128 125 123 124 124 124 124 123 127 127 129 131 132 134 138 141 144 145 148 150 149 150 153 157 158 157 157 158 161 162 162 163 165 165 165 165 166 166 165 165 167 168 171 168 165 163 162 165 166 166 167 168 168 167 166 165 165 165 162 162 163 165 162 162 161 162 162 162 162 162 159 155 155 154 155 157 158 158 155 152 151 152 153 152 150 150 150 150 149 148 149 149 148 147 148 148 148 148 145 145 147 144 143 147 147 143 143 142 142 143 141 136 136 138 141 141 142 144 145 145 148 149 149 149 148 145 144 144 145 145 145 145 145 ;
145 143 142 141 141 138 137 135 134 129 127 129 129 124 123 124 125 125 125 127 128 129 130 129 132 139 141 143 144 147 148 150 151 153 155 155 156 158 160 161 161 162 163 165 165 167 166 167 167 165 165 165 166 167 167 165 165 163 162 162 163 165 166 167 168 168 167 168 168 163 162 162 162 161 162 159 160 162 161 161 162 160 157 158 158 158 157 159 157 155 156 154 153 153 153 152 151 150 149 149 149 150 149 148 149 149 149 148 150 148 147 149 148 145 148 147 145 143 142 141 141 139 137 138 141 143 145 147 148 148 148 148 149 150 148 147 148 147 144 145 145 144 144 143 ;
148 145 143 142 141 139 137 137 135 130 130 131 131 128 127 125 125 125 127 127 127 128 129 131 132 137 141 142 143 145 147 149 151 152 153 156 158 158 159 160 160 162 165 167 167 167 168 168 170 168 165 168 168 165 165 163 163 165 162 162 163 163 163 165 165 166 166 168 168 165 163 165 165 162 161 159 159 160 159 158 158 157 157 159 158 157 157 156 155 155 156 156 155 153 153 154 152 151 151 152 151 150 149 149 150 150 150 151 151 148 148 149 148 148 148 147 145 144 141 141 142 142 142 144 145 148 148 148 149 148 148 147 148 148 148 148 148 148 147 145 145 145 145 145 ;
148 147 145 145 143 141 139 138 136 134 134 132 130 129 129 128 125 125 127 124 125 127 128 134 135 135 138 141 142 145 148 149 150 149 149 154 156 155 157 160 162 162 165 167 167 166 166 168 171 171 168 170 171 168 165 163 162 165 165 162 162 161 161 159 158 162 165 165 166 165 165 166 167 163 162 161 161 162 161 159 160 158 156 158 158 156 157 156 154 155 156 156 155 152 152 154 154 153 154 153 151 151 151 152 152 151 151 152 150 148 148 148 148 148 145 145 144 142 142 143 145 148 148 148 148 148 148 148 149 148 148 147 145 148 149 149 148 145 145 147 148 147 148 148 ;
148 147 147 147 143 142 141 139 137 137 136 132 131 128 127 129 127 127 125 124 127 129 129 132 135 137 138 139 141 143 145 148 148 148 149 154 155 155 156 159 160 161 163 165 166 165 165 166 171 171 170 171 172 171 168 165 165 165 162 162 162 160 160 159 156 159 162 161 162 165 163 166 165 162 163 165 163 163 165 162 162 162 161 160 160 161 162 159 157 155 156 155 154 154 155 156 157 156 155 155 153 152 151 152 152 151 151 151 149 148 148 147 145 143 141 143 144 147 148 148 148 150 151 149 149 149 148 148 148 147 148 148 147 148 148 149 148 148 148 148 148 148 148 148 ;
148 147 148 148 144 143 142 141 141 137 137 134 132 130 129 130 129 128 127 125 128 130 131 132 135 138 137 138 141 143 145 147 147 148 149 153 155 156 156 157 157 160 162 165 165 163 163 166 170 170 168 171 173 174 173 171 170 167 163 162 163 162 161 161 160 159 159 158 160 161 161 162 162 160 163 166 166 165 166 166 165 166 166 165 162 162 162 160 159 157 158 158 158 158 158 160 159 154 156 157 155 153 153 153 152 151 151 149 148 147 147 145 142 143 145 147 149 150 151 152 152 153 153 152 151 148 151 152 151 148 149 151 149 148 148 148 149 150 149 150 150 150 150 148 ;
149 147 147 148 145 144 141 141 141 137 138 136 132 131 130 131 132 129 127 127 128 131 132 132 135 136 136 138 141 144 145 147 145 147 148 151 153 156 158 157 159 160 162 165 165 163 162 165 168 168 168 171 173 174 175 174 171 170 168 166 165 165 163 162 162 160 158 158 159 156 157 160 159 159 160 162 163 162 163 165 165 165 165 165 162 161 159 161 162 160 160 159 159 159 157 158 157 153 154 157 154 152 152 152 150 150 150 145 145 147 147 148 149 150 151 152 152 152 152 152 152 152 152 152 151 150 152 153 153 151 150 152 151 148 148 148 149 149 148 150 150 149 150 148 ;
150 148 147 147 145 144 141 142 141 138 138 136 135 132 130 132 132 129 128 129 129 131 131 131 134 135 136 137 141 143 143 144 144 147 148 151 151 154 157 157 159 159 159 163 163 163 163 162 165 168 170 171 170 170 171 172 173 171 171 171 168 168 168 165 162 163 161 161 160 156 157 157 157 156 156 156 156 156 158 160 160 158 159 161 161 160 159 161 162 160 159 157 155 155 155 155 154 152 151 153 151 148 147 148 149 152 151 148 150 152 152 156 157 155 155 155 153 153 154 154 153 151 151 152 152 153 153 153 153 152 152 151 152 150 150 150 150 151 149 149 149 149 148 148 ;
150 149 148 148 147 145 143 142 141 138 137 137 138 134 131 134 132 131 131 131 130 130 131 132 134 135 136 135 138 141 141 143 144 148 150 149 149 151 154 154 156 157 157 161 162 163 165 162 165 166 168 170 168 171 170 172 174 172 172 172 171 171 170 167 165 166 165 165 165 162 162 160 159 158 156 154 153 154 155 155 156 155 155 156 157 157 156 157 158 155 155 155 153 152 151 152 152 151 150 150 149 148 148 150 153 155 154 153 155 156 157 159 158 156 155 155 154 155 156 154 153 152 153 152 152 153 153 152 152 152 153 152 152 152 151 152 151 152 152 150 150 151 150 148 ;
150 150 148 147 147 145 145 144 141 139 139 137 137 137 135 132 132 132 132 132 131 131 132 132 134 136 137 137 138 138 141 143 145 148 149 148 148 149 151 152 154 156 155 157 160 162 162 162 163 165 166 168 168 168 171 172 172 171 171 172 173 173 171 170 171 168 167 168 168 166 166 165 163 162 162 162 160 159 158 157 157 157 157 157 158 157 155 156 156 155 154 153 152 154 154 154 154 154 155 154 156 157 156 156 160 160 157 157 158 157 156 158 157 156 154 154 154 154 155 153 152 153 154 153 151 153 153 152 152 152 153 152 152 152 152 153 153 151 151 151 150 150 151 150 ;
151 151 148 148 148 147 147 144 141 141 141 139 139 141 136 132 134 132 132 132 132 134 132 132 135 137 138 138 138 139 141 142 144 147 147 148 149 151 151 153 155 155 155 158 160 161 162 161 161 163 165 165 163 165 168 168 170 171 171 171 171 172 172 172 172 171 171 170 170 167 167 167 166 167 168 166 165 162 162 162 162 162 162 161 162 161 160 159 160 160 158 157 156 159 160 158 158 159 159 161 162 162 160 161 162 161 161 160 161 159 155 156 157 157 158 157 156 155 156 153 152 153 154 152 152 155 156 156 154 153 154 152 151 153 154 153 153 151 150 151 151 150 150 151 ;
154 152 151 149 149 149 148 144 143 141 141 141 141 141 137 137 137 135 132 132 132 134 132 132 134 136 137 137 138 139 141 141 141 145 148 148 148 149 150 152 152 153 156 159 160 161 162 160 160 161 162 163 162 163 165 165 165 166 167 170 170 171 171 170 170 170 172 173 173 170 171 171 171 170 168 167 168 168 167 167 166 166 165 163 165 165 165 162 162 165 162 162 161 162 162 161 159 159 161 162 162 161 161 162 163 162 162 162 159 159 157 157 159 160 159 158 159 158 156 154 155 156 152 152 154 156 157 157 156 154 154 155 154 153 155 154 153 151 151 153 153 152 152 151 ;
157 153 153 151 149 149 148 145 144 143 142 141 139 141 138 138 136 135 134 132 132 134 134 132 132 136 137 136 137 137 138 139 141 142 147 147 147 148 149 150 150 152 155 155 157 158 159 161 160 159 160 162 163 162 162 163 165 163 163 166 168 170 168 171 168 168 171 173 173 174 174 173 173 172 170 168 170 171 170 170 168 168 167 167 167 167 167 165 165 166 165 165 165 165 162 161 159 159 162 162 163 162 162 162 162 162 162 161 160 160 159 158 158 160 159 158 159 157 156 156 157 156 153 156 157 157 157 156 156 154 155 158 157 155 155 155 155 153 154 155 153 153 153 151 ;
158 155 155 153 149 148 149 148 147 143 143 142 141 139 136 137 137 136 135 134 132 132 135 134 132 135 138 137 137 137 138 141 141 142 143 145 147 148 149 150 151 152 153 155 155 154 155 159 159 158 158 161 162 162 162 162 166 165 165 165 168 170 168 170 170 168 167 168 171 175 174 171 171 170 168 170 171 170 171 172 170 170 168 168 168 168 168 168 168 167 163 163 167 168 165 162 162 162 163 163 165 165 163 163 165 163 161 162 162 162 162 158 156 158 161 161 158 157 158 158 156 154 156 158 158 158 157 158 157 155 156 156 156 157 157 156 155 156 157 156 154 155 153 152 ;
159 156 155 153 151 148 150 151 149 144 141 143 143 141 138 137 139 139 137 137 136 134 135 136 134 135 137 137 138 138 139 141 143 144 143 144 147 148 148 148 150 152 154 154 154 153 154 156 157 157 157 157 159 162 162 160 162 162 162 166 167 165 165 166 167 167 165 167 170 170 170 168 168 168 168 168 170 168 168 171 170 168 168 168 171 170 168 171 168 167 165 165 167 168 165 165 165 163 165 165 165 167 166 165 165 162 161 162 162 162 162 160 159 160 161 159 157 158 159 157 156 155 157 157 157 157 157 158 157 156 157 154 154 157 158 157 156 157 156 156 155 157 154 152 ;
159 156 154 153 152 151 150 152 151 147 145 144 144 142 141 141 141 141 138 139 139 137 135 136 135 135 137 137 141 141 141 142 142 142 142 144 145 147 148 148 150 151 151 151 151 151 153 157 156 157 156 155 157 159 160 159 159 160 161 162 165 165 162 162 165 165 163 165 167 166 166 166 168 171 171 167 168 168 168 170 170 170 168 168 170 170 168 171 171 168 168 168 167 162 162 163 165 163 162 162 165 165 165 165 162 162 161 161 162 161 161 161 163 163 162 159 159 160 158 158 159 159 158 159 159 157 157 158 157 156 158 157 155 158 157 155 156 156 156 156 155 155 155 154 ;
159 157 155 154 154 152 151 151 150 148 148 145 144 143 141 142 142 141 137 137 138 137 136 136 136 137 138 138 141 141 141 141 141 142 144 144 145 145 145 148 149 149 150 151 152 151 152 156 156 156 155 155 157 157 158 159 157 159 161 161 163 165 162 161 163 165 162 162 165 165 165 165 167 168 168 166 166 168 167 168 171 171 168 167 168 168 166 168 168 167 167 167 165 163 163 163 163 165 162 162 163 162 162 163 162 162 162 162 165 165 162 165 166 163 161 161 162 161 159 161 162 161 158 157 159 158 158 158 158 157 157 158 158 158 156 156 155 154 156 156 154 153 154 154 ;
159 158 158 157 155 153 152 153 152 151 149 148 145 143 144 144 142 141 139 138 139 138 138 137 138 139 139 141 143 143 141 141 141 143 145 145 144 147 145 145 148 148 149 150 152 152 152 154 155 156 156 156 156 155 156 158 157 158 160 159 159 160 160 161 161 162 162 163 165 162 162 163 163 163 166 166 165 166 165 166 168 171 168 166 167 166 162 163 165 165 165 166 165 165 165 165 163 166 165 163 165 162 162 162 165 165 165 163 165 165 163 166 165 162 161 162 162 162 162 161 160 161 159 156 156 158 159 158 158 158 156 157 159 158 158 157 156 154 157 156 155 154 154 154 ;
161 158 158 157 156 155 156 157 153 151 150 150 148 147 147 145 143 143 142 141 141 139 138 138 139 139 139 143 144 144 143 143 143 141 143 145 145 145 145 147 148 148 148 149 150 150 150 152 153 153 155 155 154 155 156 156 157 158 158 157 157 156 158 162 160 160 162 165 165 162 162 162 162 163 165 165 165 165 165 165 167 170 168 165 168 168 165 165 165 163 165 165 165 165 165 163 165 165 163 162 162 162 162 162 166 167 165 162 161 162 163 165 163 162 162 162 161 162 162 160 160 162 161 159 158 159 160 160 160 158 156 158 159 158 157 157 156 154 157 157 156 156 155 156 ;
161 160 160 158 158 158 159 157 154 152 151 151 151 149 148 144 142 144 145 142 141 139 139 141 141 141 141 143 143 141 141 142 143 142 143 144 145 145 144 147 149 148 147 148 150 150 148 150 152 152 153 153 153 154 154 155 157 157 157 157 157 157 158 159 158 159 161 159 161 162 161 162 161 161 161 161 162 165 165 165 166 167 166 167 170 168 167 167 165 162 162 165 166 166 163 162 166 166 162 161 161 162 162 162 165 166 163 160 161 162 163 163 163 162 162 161 161 162 162 162 165 165 162 160 159 159 159 161 161 159 158 158 157 154 156 157 156 156 156 156 156 157 156 156 ;
162 161 161 160 160 159 158 157 156 154 152 151 151 150 148 148 145 145 145 143 141 141 141 143 143 141 141 141 141 141 141 141 143 144 145 145 145 147 145 147 148 148 145 147 150 151 149 149 150 151 152 152 152 153 152 152 156 156 154 156 156 158 158 156 156 157 159 158 159 158 158 160 158 161 161 161 162 162 162 162 163 166 167 167 168 166 166 165 163 162 162 165 166 165 162 162 165 165 162 161 162 163 165 163 162 162 162 161 161 162 162 162 162 162 161 162 162 162 162 162 163 163 160 159 159 159 160 162 161 159 159 158 155 156 156 156 156 157 156 155 157 158 155 153 ;
163 162 162 162 161 160 159 157 155 154 153 152 152 152 151 151 148 144 143 142 141 141 141 142 143 143 142 142 142 142 142 142 143 144 145 147 147 145 145 147 147 148 147 148 149 150 150 149 150 150 150 152 152 153 152 153 154 153 153 155 156 156 156 156 155 157 158 157 157 157 156 157 158 160 160 160 161 160 161 162 162 165 165 163 163 162 163 162 161 163 165 165 165 163 163 163 161 162 163 162 163 165 165 163 162 161 161 162 160 161 162 162 162 162 163 163 163 162 162 162 161 162 160 159 161 161 161 161 159 158 158 159 159 159 157 155 156 156 155 155 157 156 153 152 ;
162 162 163 162 160 160 160 158 155 155 156 154 152 153 153 151 148 144 144 144 144 143 143 141 142 143 143 142 143 143 143 143 143 144 144 145 145 145 147 148 147 147 147 148 148 148 148 149 150 150 149 151 152 152 152 154 154 153 154 153 155 155 155 154 153 156 157 155 154 154 155 157 157 157 157 158 159 159 159 160 162 162 161 160 161 161 162 162 162 165 165 165 163 162 162 161 160 162 163 163 163 162 162 162 162 162 162 162 160 160 162 162 162 162 162 163 162 162 162 162 162 162 162 161 161 161 161 160 157 157 158 162 162 160 159 157 157 156 156 156 156 155 153 153 ;
165 162 162 162 160 161 162 159 157 157 157 155 154 154 155 152 148 145 145 145 144 143 144 142 142 143 144 143 142 143 143 143 144 143 144 145 144 145 147 148 147 145 147 147 148 148 147 147 148 148 148 150 151 151 151 152 154 154 153 153 153 154 153 152 151 155 156 154 154 154 154 155 156 158 157 157 158 159 158 157 157 159 160 161 161 160 161 162 162 162 162 162 161 158 157 159 161 162 162 161 161 162 162 163 165 165 165 163 162 163 163 162 162 162 162 162 162 162 163 162 161 162 162 161 161 160 159 159 159 158 157 160 159 158 160 159 158 157 157 157 155 154 153 152 ;
167 163 161 162 162 162 162 162 161 159 158 156 156 154 155 154 150 147 145 148 145 143 144 143 144 143 143 145 143 143 144 143 144 143 144 147 145 144 147 147 145 145 147 148 148 148 147 145 148 148 148 148 149 149 150 151 153 154 154 153 153 152 152 151 151 152 153 152 153 153 153 154 156 157 157 157 156 158 159 156 156 159 162 162 162 162 162 161 161 161 161 162 161 160 160 161 161 161 159 160 161 162 162 162 165 166 165 163 163 165 163 161 161 162 162 163 163 163 165 162 162 162 162 162 161 159 158 160 160 157 157 158 157 157 159 160 159 158 156 154 155 154 153 152 ;
168 165 162 163 165 163 162 162 162 162 159 157 158 156 154 154 152 149 148 148 148 145 145 147 147 144 143 145 145 144 145 144 144 142 144 148 147 147 148 145 145 145 145 147 148 148 148 148 148 147 148 149 148 148 149 149 150 152 153 153 152 151 150 151 151 151 151 152 152 154 153 153 154 155 155 155 154 156 156 153 155 160 161 162 162 162 162 161 159 161 162 162 161 161 162 162 162 162 162 162 162 161 162 162 162 162 162 162 162 162 162 162 161 162 162 162 162 162 162 162 162 162 162 161 161 158 158 159 161 159 159 159 158 158 159 159 158 158 155 153 154 154 154 154 ;
168 166 165 166 167 165 163 162 162 162 162 160 160 157 156 156 154 152 150 148 148 148 147 148 148 147 145 144 144 145 145 143 143 143 145 145 145 148 148 145 145 147 147 148 148 148 148 148 147 147 149 150 149 148 148 148 148 150 151 152 152 150 150 150 151 151 151 151 152 154 153 153 153 153 154 153 154 156 154 151 154 157 158 160 161 160 160 159 159 160 161 162 162 159 160 161 161 161 162 161 160 160 162 162 161 161 162 162 160 161 162 162 162 163 162 162 162 162 162 162 162 163 161 159 161 161 160 160 161 161 159 159 159 159 160 159 158 156 155 155 155 153 152 153 ;
168 167 167 167 167 165 165 165 161 160 162 161 161 160 158 158 156 154 154 150 149 149 147 148 148 148 148 145 143 145 145 143 144 144 144 143 144 145 145 144 147 148 148 148 148 149 148 147 147 147 148 148 148 148 148 148 148 148 148 150 150 149 149 148 149 151 151 151 151 152 152 152 152 152 153 154 154 154 154 155 154 155 158 160 158 158 159 158 158 159 159 162 162 159 160 162 161 159 160 160 159 160 163 163 162 162 162 162 162 161 161 161 163 163 162 162 165 163 162 162 162 163 162 161 161 162 162 162 161 159 158 157 160 160 160 160 159 157 155 156 155 153 152 153 ;
171 168 168 168 168 165 166 166 162 161 162 161 161 161 159 158 157 155 155 151 149 150 148 148 148 145 148 147 144 145 144 144 144 144 144 145 147 147 147 145 148 148 147 147 148 148 148 145 148 148 147 147 148 148 148 148 148 147 147 148 149 148 148 148 148 150 151 151 151 151 150 152 153 153 153 154 155 154 154 156 155 156 159 158 157 158 159 157 157 158 159 160 160 159 161 162 160 158 160 160 158 160 162 162 161 162 162 160 159 158 159 161 162 161 160 160 162 162 162 162 162 162 161 161 160 161 162 162 159 159 159 158 160 161 161 161 158 156 154 155 155 153 153 154 ;
171 171 168 168 168 167 165 166 166 162 162 162 159 159 159 159 157 155 154 152 149 150 149 150 149 145 147 148 147 144 144 145 144 143 144 147 148 148 147 147 147 147 147 147 147 148 148 147 148 149 148 145 147 147 148 148 149 148 148 147 149 149 148 149 148 150 149 149 150 148 150 152 152 152 152 153 153 154 154 154 154 154 155 157 158 159 160 159 158 158 157 157 156 157 157 159 158 156 158 158 157 158 159 158 159 162 162 161 159 158 159 160 161 161 160 161 162 162 162 162 161 161 161 160 160 160 159 159 159 158 160 160 160 161 161 160 158 156 154 155 155 154 156 154 ;
171 170 168 168 170 170 167 166 168 165 163 162 159 159 160 160 158 156 155 154 152 151 150 149 148 148 148 148 148 147 147 148 145 145 147 148 147 145 145 145 147 147 147 147 147 147 147 148 148 148 147 145 148 149 148 148 149 148 148 148 148 148 148 148 149 150 149 148 148 149 150 151 151 150 151 152 151 152 153 153 154 151 152 156 158 158 158 158 156 156 157 158 156 157 157 157 158 157 158 160 157 158 160 158 160 163 163 162 162 160 161 161 162 162 161 162 162 161 159 161 161 162 162 161 160 159 158 158 159 159 161 161 160 159 159 159 158 156 154 154 153 154 156 153 ;
171 170 170 170 170 170 168 167 168 168 165 165 162 162 162 162 160 159 157 154 153 152 151 150 149 148 148 148 148 148 147 148 148 148 148 147 147 145 145 144 147 148 145 145 147 147 145 147 148 148 147 148 148 150 149 148 149 149 148 148 148 147 147 148 148 149 150 151 150 150 150 150 150 149 150 151 150 150 151 152 153 153 154 155 156 155 154 155 155 155 156 158 158 157 157 158 157 157 158 159 157 158 159 158 160 162 162 160 159 159 161 162 162 161 161 162 160 158 161 162 162 162 162 162 162 159 159 158 160 162 160 160 161 160 159 157 156 154 153 153 154 155 153 152 ;
173 173 173 171 171 168 168 168 168 168 167 166 165 163 163 162 162 160 156 155 155 153 151 152 151 149 149 150 150 148 148 148 149 149 148 148 148 147 147 144 144 148 145 145 147 147 148 147 148 148 147 148 148 148 148 148 148 148 148 148 148 148 148 148 148 149 149 151 150 150 151 150 149 149 150 150 149 150 150 151 153 154 156 155 153 153 154 155 155 156 155 154 156 157 157 158 157 157 158 157 158 157 158 158 158 161 161 158 158 158 160 162 161 161 161 162 161 160 162 163 162 162 162 162 162 160 161 160 162 161 159 160 161 160 158 154 156 155 154 155 155 155 154 154 ;
176 176 175 173 172 168 168 168 168 168 166 165 165 165 165 163 161 160 157 156 156 156 153 152 152 152 151 150 150 149 148 148 148 148 147 148 148 147 147 145 144 147 148 148 148 147 147 147 148 147 147 148 148 147 148 148 148 148 148 148 148 147 148 148 148 148 148 150 150 150 151 150 149 148 148 150 149 149 150 151 151 150 153 153 153 152 153 152 153 154 152 153 156 157 157 157 156 157 159 157 157 156 155 157 157 157 157 159 159 157 159 162 162 161 162 163 163 162 162 162 163 162 160 161 162 162 159 158 161 158 158 160 160 159 156 154 155 156 155 155 155 152 152 151 ;
178 176 176 176 172 170 171 170 170 170 168 166 167 166 165 165 162 162 161 157 156 156 155 153 152 153 153 151 150 150 148 147 148 149 148 147 148 148 147 145 145 147 147 148 150 148 147 145 148 147 147 148 148 148 148 145 148 148 148 148 147 145 145 148 148 148 148 148 148 148 150 150 148 148 149 149 149 149 151 151 150 149 151 152 153 153 153 152 151 151 150 153 156 157 156 156 155 156 158 157 156 156 155 155 155 156 156 158 157 158 160 162 162 161 162 165 165 162 161 161 162 160 159 159 160 162 159 158 158 157 158 157 158 159 157 156 155 155 154 154 152 151 151 149 ;
176 175 177 177 174 171 171 171 170 171 171 168 168 168 168 166 163 163 162 158 156 156 156 154 152 152 152 152 149 148 148 148 149 150 149 148 148 148 148 148 147 147 145 148 149 148 147 145 147 145 147 148 147 147 147 147 148 148 148 148 147 145 145 144 147 148 148 148 147 148 149 149 149 149 150 149 148 150 151 150 150 151 153 152 151 153 156 156 152 152 152 152 154 157 156 156 155 156 158 158 157 156 157 157 155 156 155 154 156 158 159 160 160 160 162 165 163 160 159 159 159 158 159 158 158 161 158 156 157 156 156 155 156 158 157 155 155 156 154 155 154 152 153 150 ;
176 177 178 178 174 172 173 173 171 171 171 170 168 168 167 165 165 165 163 160 156 155 155 155 153 151 151 152 150 147 147 148 148 149 150 148 148 148 148 148 148 147 145 147 148 145 145 145 145 147 147 148 148 147 145 147 147 147 147 147 147 148 145 143 144 147 148 147 148 148 148 150 150 149 149 150 150 151 150 151 151 151 154 153 153 154 155 156 154 153 152 153 155 156 156 154 154 155 157 158 157 156 157 157 156 157 156 154 156 159 160 159 158 159 160 162 162 159 158 158 157 158 159 160 160 158 157 156 156 157 156 155 157 158 156 152 152 155 154 155 154 151 151 150 ;
178 180 179 177 174 173 175 174 173 171 171 171 168 166 165 165 165 165 163 161 161 158 158 157 154 153 153 152 152 148 148 148 149 150 150 148 149 149 148 148 147 147 145 148 149 145 145 145 145 147 147 147 148 147 144 144 147 147 145 144 147 148 147 145 144 144 148 147 147 147 147 149 147 148 151 151 150 152 151 151 151 150 151 151 151 152 151 152 156 155 153 155 155 153 154 152 152 155 157 158 157 155 156 156 155 156 157 157 158 162 162 161 160 161 160 160 160 160 158 158 157 158 159 159 159 158 159 157 155 157 157 155 157 157 155 156 154 154 153 152 152 150 150 151 ;
178 178 177 176 174 175 175 174 173 172 172 173 171 167 167 166 165 165 162 160 162 161 160 158 155 153 153 153 153 150 148 149 149 149 149 149 150 150 148 148 147 145 147 148 147 148 148 145 144 147 147 145 145 145 144 144 147 147 145 145 147 147 148 148 147 143 145 144 143 144 147 148 147 148 151 148 148 150 150 149 150 150 150 151 150 150 152 153 156 156 153 153 154 152 154 153 152 155 158 158 157 156 156 157 156 157 158 159 159 160 162 160 160 162 159 158 160 159 157 158 157 156 157 156 157 158 158 157 155 154 156 155 156 156 155 157 155 154 153 151 151 150 150 152 ;
178 177 178 177 177 176 176 176 175 174 174 173 171 168 170 168 167 165 163 162 161 161 161 159 156 154 153 153 154 152 149 149 150 151 151 148 150 151 149 149 149 148 145 145 147 148 148 144 142 144 145 145 144 144 144 145 144 143 145 147 144 144 145 145 143 143 144 143 142 144 147 148 148 149 148 147 147 148 149 151 151 151 151 151 152 153 154 154 153 152 154 154 153 154 154 152 153 155 157 157 155 153 155 156 157 158 158 157 158 158 160 158 156 159 160 159 160 160 158 157 157 156 154 156 157 156 155 156 156 153 154 154 153 153 152 153 154 152 152 152 149 148 148 148 ;
177 178 178 177 177 177 176 176 176 174 174 173 171 170 170 170 168 168 166 163 161 162 162 160 157 155 153 153 154 153 151 148 149 151 152 148 148 151 150 149 148 149 148 145 145 145 145 144 142 143 144 144 144 144 143 143 143 143 144 144 143 143 144 143 141 143 145 142 142 143 144 145 147 148 148 148 147 147 149 151 151 150 149 150 151 154 155 154 151 150 153 154 154 154 152 152 153 154 155 156 156 153 155 158 156 156 156 155 156 158 160 158 154 156 159 159 157 156 155 156 156 155 154 156 157 157 155 154 154 155 156 155 152 151 151 151 151 150 150 151 148 145 145 143 ;
